0.0 2.0 4.0 13.0 25.0 34.0 56.0 41.0 72.0 48.0 60.0 54.0 71.0 85.0 83.0 88.0 133.0 118.0 157.0 140.0 48.0 48.0 48.0 22.0 32.0 26.0 57.0 38.0 50.0 48.0 55.0 51.0 76.0 96.0 85.0 106.0 112.0 113.0 129.0 131.0 55.0 94.0 59.0 61.0 41.0 59.0 45.0 44.0 49.0 55.0 81.0 93.0 94.0 94.0 92.0 100.0 95.0 138.0 110.0 136.0 101.0 126.0 81.0 77.0 53.0 68.0 46.0 58.0 49.0 77.0 78.0 100.0 114.0 120.0 125.0 130.0 123.0 133.0 114.0 117.0 114.0 139.0 99.0 89.0 92.0 98.0 82.0 89.0 66.0 86.0 111.0 118.0 137.0 122.0 128.0 123.0 159.0 166.0 143.0 140.0 125.0 154.0 125.0 127.0 98.0 126.0 104.0 117.0 103.0 95.0 130.0 111.0 141.0 130.0 148.0 124.0 153.0 155.0 171.0 184.0 152.0 165.0 155.0 156.0 144.0 152.0 135.0 141.0 118.0 102.0 115.0 107.0 150.0 135.0 163.0 127.0 160.0 148.0 194.0 157.0 185.0 186.0 174.0 173.0 161.0 161.0 162.0 143.0 157.0 117.0 156.0 136.0 169.0 138.0 153.0 132.0 161.0 164.0 207.0 191.0 213.0 211.0 200.0 178.0 181.0 176.0 140.0 145.0 133.0 125.0 166.0 172.0 166.0 182.0 147.0 145.0 154.0 169.0 178.0 191.0 211.0 198.0 196.0 195.0 189.0 183.0 157.0 155.0 136.0 152.0 177.0 183.0 198.0 186.0 192.0 179.0 189.0 189.0 184.0 206.0
2.0 0.0 6.0 11.0 27.0 36.0 58.0 43.0 74.0 48.0 58.0 52.0 69.0 83.0 81.0 86.0 131.0 116.0 155.0 138.0 50.0 46.0 47.0 20.0 34.0 24.0 55.0 36.0 48.0 46.0 53.0 49.0 74.0 94.0 83.0 104.0 110.0 111.0 127.0 129.0 57.0 92.0 61.0 63.0 43.0 57.0 43.0 42.0 47.0 53.0 79.0 91.0 92.0 92.0 90.0 98.0 93.0 136.0 108.0 134.0 103.0 127.0 83.0 79.0 55.0 66.0 44.0 56.0 47.0 75.0 76.0 98.0 112.0 118.0 123.0 128.0 121.0 131.0 112.0 115.0 116.0 141.0 101.0 91.0 94.0 96.0 80.0 87.0 64.0 84.0 109.0 116.0 135.0 120.0 126.0 121.0 157.0 164.0 141.0 138.0 127.0 154.0 127.0 127.0 100.0 125.0 102.0 115.0 101.0 93.0 128.0 109.0 139.0 128.0 146.0 122.0 151.0 153.0 169.0 182.0 154.0 165.0 157.0 158.0 146.0 151.0 133.0 139.0 116.0 100.0 113.0 105.0 148.0 133.0 161.0 125.0 158.0 146.0 192.0 155.0 187.0 188.0 176.0 175.0 163.0 159.0 160.0 141.0 155.0 115.0 154.0 134.0 167.0 136.0 151.0 130.0 159.0 162.0 205.0 189.0 215.0 213.0 202.0 180.0 181.0 174.0 138.0 143.0 131.0 123.0 164.0 170.0 164.0 180.0 145.0 143.0 152.0 167.0 176.0 189.0 209.0 196.0 194.0 193.0 187.0 181.0 155.0 153.0 134.0 150.0 175.0 181.0 196.0 184.0 190.0 177.0 187.0 187.0 182.0 204.0
4.0 6.0 0.0 17.0 21.0 30.0 52.0 37.0 68.0 44.0 58.0 52.0 69.0 83.0 81.0 86.0 131.0 116.0 155.0 138.0 52.0 52.0 44.0 26.0 28.0 30.0 61.0 42.0 54.0 46.0 59.0 49.0 80.0 95.0 83.0 104.0 110.0 111.0 127.0 129.0 59.0 98.0 55.0 57.0 37.0 63.0 49.0 48.0 53.0 53.0 85.0 91.0 98.0 92.0 90.0 98.0 93.0 136.0 108.0 134.0 105.0 122.0 77.0 73.0 49.0 66.0 50.0 62.0 53.0 81.0 82.0 104.0 118.0 124.0 123.0 134.0 121.0 136.0 112.0 115.0 110.0 135.0 95.0 85.0 88.0 102.0 86.0 93.0 70.0 90.0 115.0 122.0 141.0 126.0 126.0 127.0 157.0 165.0 141.0 138.0 121.0 150.0 121.0 123.0 94.0 122.0 108.0 121.0 107.0 99.0 134.0 115.0 145.0 134.0 152.0 128.0 157.0 159.0 175.0 182.0 148.0 161.0 151.0 152.0 140.0 148.0 139.0 145.0 122.0 106.0 119.0 111.0 154.0 139.0 167.0 131.0 164.0 152.0 198.0 161.0 181.0 182.0 170.0 169.0 157.0 165.0 166.0 147.0 161.0 121.0 160.0 140.0 173.0 142.0 157.0 136.0 165.0 168.0 211.0 195.0 209.0 207.0 196.0 174.0 177.0 180.0 144.0 149.0 137.0 129.0 170.0 176.0 170.0 186.0 151.0 149.0 158.0 173.0 182.0 195.0 215.0 202.0 200.0 199.0 193.0 187.0 161.0 159.0 140.0 156.0 181.0 187.0 202.0 190.0 196.0 183.0 193.0 193.0 188.0 210.0
13.0 11.0 17.0 0.0 34.0 25.0 65.0 32.0 68.0 37.0 47.0 41.0 58.0 72.0 70.0 75.0 120.0 105.0 144.0 127.0 55.0 57.0 36.0 9.0 31.0 13.0 44.0 25.0 37.0 35.0 42.0 38.0 63.0 83.0 72.0 93.0 99.0 100.0 116.0 118.0 62.0 94.0 52.0 53.0 40.0 46.0 32.0 31.0 36.0 42.0 68.0 80.0 81.0 81.0 79.0 87.0 82.0 125.0 97.0 123.0 108.0 118.0 74.0 69.0 52.0 55.0 33.0 45.0 36.0 64.0 65.0 87.0 101.0 107.0 112.0 117.0 110.0 120.0 101.0 104.0 113.0 131.0 98.0 81.0 91.0 85.0 69.0 76.0 53.0 73.0 98.0 105.0 124.0 109.0 115.0 110.0 146.0 153.0 130.0 127.0 124.0 143.0 124.0 116.0 97.0 114.0 91.0 104.0 90.0 82.0 117.0 98.0 128.0 117.0 135.0 111.0 140.0 142.0 158.0 171.0 151.0 154.0 152.0 151.0 143.0 140.0 122.0 128.0 105.0 89.0 102.0 94.0 137.0 122.0 150.0 114.0 147.0 135.0 181.0 144.0 184.0 177.0 173.0 164.0 160.0 148.0 149.0 130.0 144.0 104.0 143.0 123.0 156.0 125.0 140.0 119.0 148.0 151.0 194.0 178.0 204.0 202.0 191.0 169.0 170.0 163.0 127.0 132.0 120.0 112.0 153.0 159.0 153.0 169.0 134.0 132.0 141.0 156.0 165.0 178.0 198.0 185.0 183.0 182.0 176.0 170.0 144.0 142.0 123.0 139.0 164.0 170.0 185.0 173.0 179.0 166.0 176.0 176.0 171.0 193.0
25.0 27.0 21.0 34.0 0.0 9.0 31.0 16.0 47.0 23.0 37.0 31.0 48.0 62.0 60.0 65.0 110.0 95.0 134.0 117.0 68.0 73.0 49.0 29.0 7.0 25.0 42.0 35.0 38.0 25.0 43.0 28.0 64.0 74.0 62.0 83.0 89.0 90.0 106.0 108.0 73.0 77.0 34.0 36.0 16.0 46.0 42.0 41.0 39.0 32.0 71.0 70.0 84.0 71.0 69.0 77.0 72.0 115.0 87.0 113.0 102.0 101.0 56.0 52.0 28.0 45.0 43.0 55.0 46.0 65.0 75.0 94.0 110.0 104.0 102.0 114.0 100.0 115.0 91.0 94.0 89.0 114.0 74.0 64.0 67.0 85.0 79.0 86.0 63.0 83.0 108.0 115.0 131.0 106.0 105.0 107.0 136.0 144.0 120.0 117.0 100.0 129.0 100.0 102.0 73.0 101.0 99.0 114.0 100.0 92.0 127.0 108.0 133.0 122.0 132.0 108.0 137.0 139.0 155.0 161.0 127.0 140.0 130.0 131.0 119.0 127.0 130.0 136.0 115.0 99.0 112.0 104.0 134.0 119.0 147.0 111.0 144.0 132.0 178.0 141.0 160.0 161.0 149.0 148.0 136.0 158.0 159.0 140.0 154.0 114.0 151.0 131.0 153.0 122.0 137.0 116.0 145.0 148.0 191.0 175.0 188.0 186.0 175.0 153.0 156.0 161.0 137.0 142.0 130.0 122.0 161.0 167.0 150.0 166.0 131.0 129.0 138.0 153.0 162.0 175.0 202.0 189.0 187.0 186.0 186.0 180.0 154.0 152.0 133.0 149.0 174.0 178.0 188.0 178.0 176.0 163.0 173.0 173.0 168.0 190.0
34.0 36.0 30.0 25.0 9.0 0.0 40.0 7.0 56.0 14.0 28.0 22.0 39.0 53.0 51.0 56.0 101.0 86.0 125.0 108.0 74.0 76.0 55.0 28.0 16.0 24.0 41.0 26.0 29.0 16.0 34.0 19.0 55.0 65.0 53.0 74.0 80.0 81.0 97.0 99.0 81.0 86.0 43.0 45.0 25.0 47.0 33.0 32.0 30.0 23.0 62.0 61.0 75.0 62.0 60.0 68.0 63.0 106.0 78.0 104.0 111.0 110.0 65.0 61.0 37.0 54.0 34.0 46.0 37.0 56.0 66.0 85.0 101.0 95.0 93.0 105.0 91.0 106.0 82.0 85.0 98.0 123.0 83.0 73.0 76.0 86.0 70.0 77.0 54.0 74.0 99.0 106.0 122.0 97.0 96.0 98.0 127.0 135.0 111.0 108.0 109.0 138.0 109.0 111.0 82.0 110.0 92.0 105.0 91.0 83.0 118.0 99.0 124.0 113.0 123.0 99.0 128.0 130.0 146.0 152.0 136.0 149.0 139.0 140.0 128.0 136.0 123.0 129.0 106.0 90.0 103.0 95.0 125.0 110.0 138.0 102.0 135.0 123.0 169.0 132.0 169.0 170.0 158.0 157.0 145.0 149.0 150.0 131.0 145.0 105.0 142.0 122.0 144.0 113.0 128.0 107.0 136.0 139.0 182.0 166.0 197.0 195.0 184.0 162.0 165.0 164.0 128.0 133.0 121.0 113.0 152.0 158.0 141.0 157.0 122.0 120.0 129.0 144.0 153.0 166.0 199.0 186.0 184.0 183.0 177.0 171.0 145.0 143.0 124.0 140.0 165.0 169.0 179.0 169.0 167.0 154.0 164.0 164.0 159.0 181.0
56.0 58.0 52.0 65.0 31.0 40.0 0.0 35.0 16.0 42.0 56.0 50.0 67.0 81.0 79.0 84.0 129.0 114.0 153.0 136.0 99.0 104.0 80.0 60.0 38.0 56.0 29.0 48.0 41.0 44.0 46.0 47.0 67.0 87.0 81.0 102.0 108.0 109.0 125.0 127.0 104.0 108.0 65.0 67.0 47.0 57.0 41.0 42.0 42.0 51.0 74.0 89.0 87.0 90.0 88.0 96.0 91.0 134.0 106.0 132.0 133.0 132.0 87.0 83.0 59.0 64.0 42.0 54.0 45.0 73.0 74.0 96.0 110.0 116.0 121.0 126.0 119.0 129.0 110.0 113.0 120.0 145.0 105.0 95.0 98.0 94.0 78.0 85.0 62.0 82.0 107.0 114.0 133.0 118.0 124.0 119.0 155.0 162.0 139.0 136.0 131.0 152.0 131.0 125.0 104.0 123.0 100.0 113.0 99.0 91.0 126.0 107.0 137.0 126.0 144.0 120.0 149.0 151.0 167.0 180.0 158.0 163.0 161.0 160.0 150.0 149.0 131.0 137.0 114.0 98.0 111.0 103.0 146.0 131.0 159.0 123.0 156.0 144.0 190.0 153.0 191.0 186.0 180.0 173.0 167.0 157.0 158.0 139.0 153.0 113.0 152.0 132.0 165.0 134.0 149.0 128.0 157.0 160.0 203.0 187.0 213.0 211.0 200.0 178.0 179.0 172.0 136.0 141.0 129.0 121.0 162.0 168.0 162.0 178.0 143.0 141.0 150.0 165.0 174.0 187.0 207.0 194.0 192.0 191.0 185.0 179.0 153.0 151.0 132.0 148.0 173.0 179.0 194.0 182.0 188.0 175.0 185.0 185.0 180.0 202.0
41.0 43.0 37.0 32.0 16.0 7.0 35.0 0.0 49.0 7.0 21.0 15.0 32.0 46.0 44.0 49.0 94.0 79.0 118.0 101.0 81.0 83.0 62.0 35.0 23.0 31.0 34.0 19.0 22.0 9.0 27.0 12.0 48.0 58.0 46.0 67.0 73.0 74.0 90.0 92.0 88.0 93.0 50.0 52.0 32.0 40.0 26.0 25.0 23.0 16.0 55.0 54.0 68.0 55.0 53.0 61.0 56.0 99.0 71.0 97.0 118.0 117.0 72.0 68.0 44.0 49.0 27.0 39.0 30.0 49.0 59.0 78.0 94.0 88.0 86.0 98.0 84.0 99.0 75.0 78.0 105.0 130.0 90.0 80.0 83.0 79.0 63.0 70.0 47.0 67.0 92.0 99.0 115.0 90.0 89.0 91.0 120.0 128.0 104.0 101.0 116.0 137.0 116.0 110.0 89.0 108.0 85.0 98.0 84.0 76.0 111.0 92.0 117.0 106.0 116.0 92.0 121.0 123.0 139.0 145.0 143.0 148.0 146.0 145.0 135.0 134.0 116.0 122.0 99.0 83.0 96.0 88.0 118.0 103.0 131.0 95.0 128.0 116.0 162.0 125.0 176.0 171.0 165.0 158.0 152.0 142.0 143.0 124.0 138.0 98.0 135.0 115.0 137.0 106.0 121.0 100.0 129.0 132.0 175.0 159.0 198.0 196.0 185.0 163.0 164.0 157.0 121.0 126.0 114.0 106.0 145.0 151.0 134.0 150.0 115.0 113.0 122.0 137.0 146.0 159.0 192.0 179.0 177.0 176.0 170.0 164.0 138.0 136.0 117.0 133.0 158.0 162.0 172.0 162.0 160.0 147.0 157.0 157.0 152.0 174.0
72.0 74.0 68.0 68.0 47.0 56.0 16.0 49.0 0.0 42.0 50.0 50.0 61.0 76.0 73.0 78.0 123.0 108.0 147.0 130.0 105.0 107.0 86.0 59.0 54.0 55.0 43.0 43.0 31.0 44.0 36.0 47.0 57.0 77.0 75.0 96.0 102.0 103.0 119.0 121.0 112.0 113.0 74.0 72.0 63.0 52.0 36.0 37.0 32.0 51.0 64.0 89.0 77.0 90.0 82.0 90.0 85.0 128.0 100.0 126.0 141.0 137.0 96.0 88.0 67.0 59.0 37.0 49.0 40.0 68.0 69.0 91.0 105.0 111.0 115.0 121.0 113.0 124.0 104.0 107.0 126.0 150.0 111.0 100.0 104.0 89.0 73.0 80.0 57.0 77.0 102.0 109.0 128.0 113.0 118.0 114.0 149.0 157.0 133.0 130.0 137.0 147.0 137.0 120.0 110.0 118.0 95.0 108.0 94.0 86.0 121.0 102.0 132.0 121.0 139.0 115.0 144.0 146.0 162.0 174.0 164.0 158.0 156.0 155.0 156.0 144.0 126.0 132.0 109.0 93.0 106.0 98.0 141.0 126.0 154.0 118.0 151.0 139.0 185.0 148.0 197.0 181.0 182.0 168.0 173.0 152.0 153.0 134.0 148.0 108.0 147.0 127.0 160.0 129.0 144.0 123.0 152.0 155.0 198.0 182.0 208.0 206.0 195.0 173.0 174.0 167.0 131.0 136.0 124.0 116.0 157.0 163.0 157.0 173.0 138.0 136.0 145.0 160.0 169.0 182.0 202.0 189.0 187.0 186.0 180.0 174.0 148.0 146.0 127.0 143.0 168.0 174.0 189.0 177.0 183.0 170.0 180.0 180.0 175.0 197.0
48.0 48.0 44.0 37.0 23.0 14.0 42.0 7.0 42.0 0.0 14.0 8.0 25.0 39.0 37.0 42.0 87.0 72.0 111.0 94.0 74.0 76.0 55.0 28.0 30.0 24.0 27.0 12.0 15.0 2.0 20.0 5.0 41.0 51.0 39.0 60.0 66.0 67.0 83.0 85.0 81.0 94.0 55.0 53.0 39.0 33.0 19.0 18.0 16.0 9.0 48.0 47.0 61.0 48.0 46.0 54.0 49.0 92.0 64.0 90.0 123.0 118.0 77.0 69.0 50.0 42.0 20.0 32.0 23.0 42.0 52.0 71.0 87.0 81.0 79.0 91.0 77.0 92.0 68.0 71.0 109.0 131.0 94.0 81.0 87.0 72.0 56.0 63.0 40.0 60.0 85.0 92.0 108.0 83.0 82.0 84.0 113.0 121.0 97.0 94.0 120.0 130.0 120.0 103.0 93.0 101.0 78.0 91.0 77.0 69.0 104.0 85.0 110.0 99.0 109.0 85.0 114.0 116.0 132.0 138.0 147.0 141.0 139.0 138.0 139.0 127.0 109.0 115.0 92.0 76.0 89.0 81.0 111.0 96.0 124.0 88.0 121.0 109.0 155.0 118.0 180.0 164.0 165.0 151.0 156.0 135.0 136.0 117.0 131.0 91.0 128.0 108.0 130.0 99.0 114.0 93.0 122.0 125.0 168.0 152.0 191.0 189.0 178.0 156.0 157.0 150.0 114.0 119.0 107.0 99.0 138.0 144.0 127.0 143.0 108.0 106.0 115.0 130.0 139.0 152.0 185.0 172.0 170.0 169.0 163.0 157.0 131.0 129.0 110.0 126.0 151.0 155.0 165.0 155.0 153.0 140.0 150.0 150.0 145.0 167.0
60.0 58.0 58.0 47.0 37.0 28.0 56.0 21.0 50.0 14.0 0.0 6.0 11.0 26.0 23.0 28.0 73.0 58.0 97.0 80.0 84.0 86.0 65.0 38.0 44.0 34.0 37.0 22.0 25.0 12.0 25.0 9.0 45.0 46.0 25.0 46.0 52.0 53.0 69.0 71.0 91.0 104.0 65.0 63.0 53.0 43.0 29.0 28.0 26.0 19.0 58.0 57.0 68.0 58.0 32.0 40.0 35.0 78.0 50.0 76.0 133.0 128.0 87.0 79.0 60.0 52.0 30.0 42.0 33.0 52.0 62.0 81.0 83.0 77.0 65.0 81.0 63.0 78.0 54.0 57.0 119.0 141.0 104.0 91.0 97.0 82.0 66.0 73.0 50.0 70.0 95.0 102.0 100.0 75.0 68.0 74.0 99.0 107.0 83.0 80.0 130.0 140.0 130.0 113.0 103.0 111.0 88.0 101.0 87.0 79.0 114.0 95.0 102.0 91.0 99.0 75.0 104.0 106.0 122.0 124.0 157.0 151.0 149.0 148.0 149.0 137.0 119.0 125.0 102.0 86.0 99.0 91.0 101.0 86.0 114.0 78.0 111.0 99.0 145.0 108.0 190.0 174.0 175.0 161.0 166.0 145.0 146.0 127.0 141.0 101.0 118.0 98.0 120.0 89.0 104.0 83.0 112.0 115.0 158.0 142.0 201.0 199.0 188.0 166.0 167.0 160.0 124.0 129.0 117.0 109.0 128.0 134.0 117.0 133.0 98.0 96.0 105.0 120.0 129.0 142.0 195.0 182.0 180.0 179.0 173.0 167.0 141.0 139.0 120.0 136.0 153.0 145.0 155.0 145.0 143.0 130.0 140.0 140.0 135.0 157.0
54.0 52.0 52.0 41.0 31.0 22.0 50.0 15.0 50.0 8.0 6.0 0.0 17.0 31.0 29.0 34.0 79.0 64.0 103.0 86.0 78.0 80.0 59.0 32.0 38.0 28.0 31.0 16.0 19.0 6.0 19.0 3.0 40.0 49.0 31.0 52.0 58.0 59.0 75.0 77.0 85.0 98.0 59.0 57.0 47.0 37.0 23.0 22.0 20.0 13.0 52.0 51.0 65.0 52.0 38.0 46.0 41.0 84.0 56.0 82.0 127.0 122.0 81.0 73.0 54.0 46.0 24.0 36.0 27.0 46.0 56.0 75.0 89.0 83.0 71.0 87.0 69.0 84.0 60.0 63.0 113.0 135.0 98.0 85.0 91.0 76.0 60.0 67.0 44.0 64.0 89.0 96.0 106.0 81.0 74.0 80.0 105.0 113.0 89.0 86.0 124.0 134.0 124.0 107.0 97.0 105.0 82.0 95.0 81.0 73.0 108.0 89.0 108.0 97.0 105.0 81.0 110.0 112.0 128.0 130.0 151.0 145.0 143.0 142.0 143.0 131.0 113.0 119.0 96.0 80.0 93.0 85.0 107.0 92.0 120.0 84.0 117.0 105.0 151.0 114.0 184.0 168.0 169.0 155.0 160.0 139.0 140.0 121.0 135.0 95.0 124.0 104.0 126.0 95.0 110.0 89.0 118.0 121.0 164.0 148.0 195.0 193.0 182.0 160.0 161.0 154.0 118.0 123.0 111.0 103.0 134.0 140.0 123.0 139.0 104.0 102.0 111.0 126.0 135.0 148.0 189.0 176.0 174.0 173.0 167.0 161.0 135.0 133.0 114.0 130.0 155.0 151.0 161.0 151.0 149.0 136.0 146.0 146.0 141.0 163.0
71.0 69.0 69.0 58.0 48.0 39.0 67.0 32.0 61.0 25.0 11.0 17.0 0.0 15.0 12.0 17.0 62.0 47.0 86.0 69.0 95.0 97.0 76.0 49.0 55.0 45.0 48.0 33.0 36.0 23.0 36.0 20.0 34.0 35.0 14.0 35.0 41.0 42.0 58.0 60.0 102.0 115.0 76.0 74.0 64.0 54.0 40.0 39.0 37.0 30.0 69.0 49.0 57.0 48.0 21.0 29.0 24.0 67.0 39.0 65.0 144.0 139.0 98.0 90.0 71.0 63.0 41.0 53.0 44.0 63.0 73.0 73.0 72.0 66.0 54.0 70.0 52.0 67.0 43.0 46.0 130.0 152.0 115.0 102.0 108.0 93.0 77.0 84.0 61.0 81.0 106.0 97.0 89.0 64.0 57.0 63.0 88.0 96.0 72.0 69.0 141.0 151.0 141.0 124.0 114.0 122.0 99.0 112.0 98.0 90.0 118.0 99.0 91.0 80.0 88.0 64.0 93.0 95.0 111.0 113.0 168.0 162.0 160.0 159.0 160.0 148.0 130.0 136.0 113.0 97.0 110.0 102.0 90.0 75.0 103.0 67.0 100.0 88.0 134.0 97.0 201.0 184.0 186.0 171.0 177.0 155.0 151.0 137.0 146.0 111.0 107.0 87.0 109.0 78.0 93.0 72.0 101.0 104.0 147.0 131.0 211.0 209.0 198.0 176.0 177.0 170.0 134.0 139.0 127.0 119.0 117.0 123.0 106.0 122.0 87.0 85.0 94.0 109.0 118.0 131.0 205.0 192.0 190.0 189.0 183.0 177.0 151.0 149.0 130.0 146.0 142.0 134.0 144.0 134.0 132.0 119.0 129.0 129.0 124.0 146.0
85.0 83.0 83.0 72.0 62.0 53.0 81.0 46.0 76.0 39.0 26.0 31.0 15.0 0.0 27.0 28.0 77.0 62.0 101.0 84.0 109.0 111.0 90.0 63.0 69.0 59.0 62.0 47.0 50.0 37.0 50.0 34.0 40.0 20.0 29.0 48.0 56.0 57.0 73.0 75.0 116.0 129.0 90.0 88.0 78.0 68.0 54.0 53.0 51.0 44.0 83.0 60.0 72.0 59.0 36.0 44.0 39.0 82.0 54.0 80.0 158.0 153.0 112.0 104.0 85.0 77.0 55.0 67.0 58.0 77.0 87.0 84.0 87.0 81.0 69.0 85.0 67.0 82.0 58.0 61.0 144.0 166.0 129.0 116.0 122.0 107.0 91.0 98.0 75.0 95.0 120.0 112.0 104.0 79.0 72.0 78.0 103.0 111.0 87.0 84.0 155.0 165.0 155.0 138.0 128.0 136.0 113.0 126.0 112.0 104.0 133.0 114.0 106.0 95.0 103.0 79.0 108.0 110.0 126.0 128.0 182.0 176.0 174.0 173.0 174.0 162.0 144.0 150.0 127.0 111.0 124.0 116.0 105.0 90.0 118.0 82.0 115.0 103.0 149.0 112.0 215.0 199.0 200.0 186.0 191.0 170.0 166.0 152.0 161.0 126.0 122.0 102.0 124.0 93.0 108.0 87.0 116.0 119.0 162.0 146.0 226.0 224.0 213.0 191.0 192.0 185.0 149.0 154.0 142.0 134.0 132.0 138.0 121.0 137.0 102.0 100.0 109.0 124.0 133.0 146.0 220.0 207.0 205.0 204.0 198.0 192.0 166.0 164.0 145.0 161.0 157.0 149.0 159.0 149.0 147.0 134.0 144.0 144.0 139.0 161.0
83.0 81.0 81.0 70.0 60.0 51.0 79.0 44.0 73.0 37.0 23.0 29.0 12.0 27.0 0.0 5.0 50.0 35.0 74.0 57.0 107.0 109.0 88.0 61.0 67.0 57.0 60.0 45.0 48.0 35.0 47.0 32.0 26.0 46.0 2.0 23.0 29.0 30.0 46.0 48.0 114.0 127.0 88.0 86.0 76.0 66.0 52.0 51.0 49.0 42.0 58.0 37.0 45.0 36.0 9.0 17.0 12.0 55.0 27.0 53.0 156.0 151.0 110.0 102.0 83.0 75.0 53.0 65.0 56.0 75.0 64.0 61.0 60.0 54.0 42.0 58.0 40.0 55.0 31.0 34.0 142.0 164.0 127.0 114.0 120.0 105.0 89.0 96.0 73.0 93.0 96.0 85.0 77.0 52.0 45.0 51.0 76.0 84.0 60.0 57.0 153.0 163.0 153.0 136.0 126.0 134.0 111.0 124.0 110.0 102.0 106.0 87.0 79.0 68.0 76.0 52.0 81.0 83.0 99.0 101.0 180.0 174.0 172.0 171.0 172.0 160.0 142.0 148.0 125.0 109.0 112.0 104.0 78.0 63.0 91.0 55.0 88.0 76.0 122.0 85.0 206.0 172.0 187.0 159.0 181.0 143.0 139.0 125.0 134.0 99.0 95.0 75.0 97.0 66.0 81.0 60.0 89.0 92.0 135.0 119.0 199.0 197.0 186.0 164.0 165.0 158.0 122.0 127.0 115.0 107.0 105.0 111.0 94.0 110.0 75.0 73.0 82.0 97.0 106.0 119.0 193.0 180.0 178.0 177.0 171.0 165.0 139.0 137.0 118.0 134.0 130.0 122.0 132.0 122.0 120.0 107.0 117.0 117.0 112.0 134.0
88.0 86.0 86.0 75.0 65.0 56.0 84.0 49.0 78.0 42.0 28.0 34.0 17.0 28.0 5.0 0.0 55.0 40.0 79.0 62.0 112.0 114.0 93.0 66.0 72.0 62.0 65.0 50.0 53.0 40.0 52.0 37.0 31.0 48.0 7.0 28.0 34.0 35.0 51.0 53.0 119.0 132.0 93.0 91.0 81.0 71.0 57.0 56.0 54.0 47.0 63.0 42.0 50.0 41.0 14.0 22.0 17.0 60.0 32.0 58.0 161.0 156.0 115.0 107.0 88.0 80.0 58.0 70.0 61.0 80.0 69.0 66.0 65.0 59.0 47.0 63.0 45.0 60.0 36.0 39.0 147.0 169.0 132.0 119.0 125.0 110.0 94.0 101.0 78.0 98.0 101.0 90.0 82.0 57.0 50.0 56.0 81.0 89.0 65.0 62.0 158.0 168.0 158.0 141.0 131.0 139.0 116.0 129.0 115.0 107.0 111.0 92.0 84.0 73.0 81.0 57.0 86.0 88.0 104.0 106.0 185.0 179.0 177.0 176.0 177.0 165.0 147.0 153.0 130.0 114.0 117.0 109.0 83.0 68.0 96.0 60.0 93.0 81.0 127.0 90.0 211.0 177.0 192.0 164.0 186.0 148.0 144.0 130.0 139.0 104.0 100.0 80.0 102.0 71.0 86.0 65.0 94.0 97.0 140.0 124.0 204.0 202.0 191.0 169.0 170.0 163.0 127.0 132.0 120.0 112.0 110.0 116.0 99.0 115.0 80.0 78.0 87.0 102.0 111.0 124.0 198.0 185.0 183.0 182.0 176.0 170.0 144.0 142.0 123.0 139.0 135.0 127.0 137.0 127.0 125.0 112.0 122.0 122.0 117.0 139.0
133.0 131.0 131.0 120.0 110.0 101.0 129.0 94.0 123.0 87.0 73.0 79.0 62.0 77.0 50.0 55.0 0.0 30.0 40.0 60.0 157.0 159.0 138.0 111.0 117.0 107.0 110.0 95.0 98.0 85.0 97.0 82.0 76.0 96.0 52.0 69.0 32.0 33.0 49.0 51.0 164.0 177.0 138.0 136.0 126.0 116.0 102.0 101.0 99.0 92.0 101.0 80.0 88.0 79.0 52.0 60.0 49.0 70.0 64.0 81.0 206.0 201.0 160.0 152.0 133.0 125.0 103.0 115.0 106.0 125.0 107.0 104.0 103.0 97.0 85.0 95.0 77.0 92.0 68.0 71.0 192.0 214.0 177.0 164.0 170.0 155.0 139.0 146.0 123.0 143.0 139.0 128.0 120.0 95.0 88.0 94.0 117.0 121.0 97.0 94.0 203.0 213.0 203.0 186.0 176.0 184.0 161.0 168.0 160.0 146.0 149.0 130.0 122.0 111.0 119.0 95.0 124.0 126.0 141.0 138.0 228.0 224.0 220.0 219.0 222.0 210.0 188.0 194.0 168.0 152.0 155.0 147.0 121.0 106.0 134.0 98.0 131.0 119.0 165.0 128.0 249.0 215.0 230.0 202.0 224.0 186.0 182.0 168.0 177.0 142.0 138.0 118.0 140.0 109.0 124.0 103.0 132.0 135.0 178.0 162.0 242.0 240.0 229.0 207.0 208.0 201.0 165.0 170.0 158.0 150.0 148.0 154.0 137.0 153.0 118.0 116.0 125.0 140.0 149.0 162.0 236.0 223.0 221.0 220.0 214.0 208.0 182.0 180.0 161.0 177.0 173.0 165.0 175.0 165.0 163.0 150.0 160.0 160.0 155.0 177.0
118.0 116.0 116.0 105.0 95.0 86.0 114.0 79.0 108.0 72.0 58.0 64.0 47.0 62.0 35.0 40.0 30.0 0.0 51.0 30.0 142.0 144.0 123.0 96.0 102.0 92.0 95.0 80.0 83.0 70.0 78.0 67.0 57.0 69.0 33.0 41.0 6.0 5.0 23.0 23.0 149.0 162.0 123.0 121.0 111.0 101.0 87.0 86.0 84.0 77.0 75.0 54.0 62.0 53.0 26.0 34.0 23.0 42.0 38.0 53.0 191.0 186.0 145.0 137.0 118.0 110.0 88.0 100.0 91.0 110.0 81.0 78.0 77.0 71.0 59.0 69.0 51.0 66.0 42.0 45.0 177.0 199.0 162.0 149.0 155.0 140.0 124.0 131.0 108.0 128.0 113.0 102.0 94.0 69.0 62.0 68.0 91.0 95.0 71.0 68.0 188.0 188.0 188.0 161.0 161.0 159.0 146.0 142.0 145.0 120.0 123.0 104.0 96.0 85.0 93.0 69.0 98.0 100.0 115.0 112.0 202.0 199.0 194.0 193.0 198.0 185.0 162.0 168.0 142.0 126.0 129.0 121.0 95.0 80.0 108.0 72.0 105.0 93.0 139.0 102.0 223.0 189.0 204.0 176.0 198.0 160.0 156.0 142.0 151.0 116.0 112.0 92.0 114.0 83.0 98.0 77.0 106.0 109.0 152.0 136.0 216.0 214.0 203.0 181.0 182.0 175.0 139.0 144.0 132.0 124.0 122.0 128.0 111.0 127.0 92.0 90.0 99.0 114.0 123.0 136.0 210.0 197.0 195.0 194.0 188.0 182.0 156.0 154.0 135.0 151.0 147.0 139.0 149.0 139.0 137.0 124.0 134.0 134.0 129.0 151.0
157.0 155.0 155.0 144.0 134.0 125.0 153.0 118.0 147.0 111.0 97.0 103.0 86.0 101.0 74.0 79.0 40.0 51.0 0.0 29.0 181.0 183.0 162.0 135.0 141.0 131.0 134.0 119.0 122.0 109.0 117.0 106.0 96.0 110.0 72.0 82.0 45.0 46.0 28.0 38.0 188.0 201.0 162.0 160.0 150.0 140.0 126.0 125.0 123.0 116.0 114.0 93.0 101.0 92.0 65.0 73.0 62.0 83.0 47.0 68.0 230.0 225.0 184.0 176.0 157.0 149.0 127.0 139.0 130.0 149.0 120.0 117.0 105.0 99.0 98.0 89.0 87.0 86.0 51.0 54.0 215.0 231.0 200.0 188.0 193.0 173.0 163.0 164.0 147.0 157.0 141.0 130.0 122.0 97.0 101.0 96.0 115.0 104.0 80.0 77.0 226.0 216.0 221.0 189.0 199.0 187.0 174.0 170.0 173.0 148.0 151.0 132.0 124.0 113.0 121.0 97.0 126.0 128.0 124.0 121.0 230.0 227.0 222.0 221.0 226.0 213.0 190.0 196.0 170.0 154.0 157.0 149.0 123.0 108.0 136.0 100.0 133.0 121.0 167.0 130.0 251.0 217.0 232.0 204.0 226.0 188.0 184.0 170.0 179.0 144.0 140.0 120.0 142.0 111.0 126.0 105.0 134.0 137.0 180.0 164.0 244.0 242.0 231.0 209.0 210.0 203.0 167.0 172.0 160.0 152.0 150.0 156.0 139.0 155.0 120.0 118.0 127.0 142.0 151.0 164.0 238.0 225.0 223.0 222.0 216.0 210.0 184.0 182.0 163.0 179.0 175.0 167.0 177.0 167.0 165.0 152.0 162.0 162.0 157.0 179.0
140.0 138.0 138.0 127.0 117.0 108.0 136.0 101.0 130.0 94.0 80.0 86.0 69.0 84.0 57.0 62.0 60.0 30.0 29.0 0.0 164.0 166.0 145.0 118.0 124.0 114.0 117.0 102.0 105.0 92.0 100.0 89.0 79.0 91.0 55.0 63.0 28.0 27.0 37.0 9.0 171.0 184.0 145.0 143.0 133.0 123.0 109.0 108.0 106.0 99.0 97.0 76.0 84.0 75.0 48.0 56.0 45.0 64.0 56.0 39.0 213.0 208.0 167.0 159.0 140.0 132.0 110.0 122.0 113.0 132.0 103.0 100.0 99.0 93.0 81.0 91.0 73.0 88.0 60.0 63.0 199.0 221.0 184.0 171.0 177.0 162.0 146.0 153.0 130.0 150.0 135.0 124.0 116.0 91.0 84.0 90.0 113.0 113.0 89.0 86.0 210.0 210.0 210.0 183.0 183.0 181.0 168.0 164.0 167.0 142.0 145.0 126.0 118.0 107.0 115.0 91.0 120.0 122.0 133.0 130.0 224.0 221.0 216.0 215.0 220.0 207.0 184.0 190.0 164.0 148.0 151.0 143.0 117.0 102.0 130.0 94.0 127.0 115.0 161.0 124.0 245.0 211.0 226.0 198.0 220.0 182.0 178.0 164.0 173.0 138.0 134.0 114.0 136.0 105.0 120.0 99.0 128.0 131.0 174.0 158.0 238.0 236.0 225.0 203.0 204.0 197.0 161.0 166.0 154.0 146.0 144.0 150.0 133.0 149.0 114.0 112.0 121.0 136.0 145.0 158.0 232.0 219.0 217.0 216.0 210.0 204.0 178.0 176.0 157.0 173.0 169.0 161.0 171.0 161.0 159.0 146.0 156.0 156.0 151.0 173.0
48.0 50.0 52.0 55.0 68.0 74.0 99.0 81.0 105.0 74.0 84.0 78.0 95.0 109.0 107.0 112.0 157.0 142.0 181.0 164.0 0.0 32.0 19.0 46.0 61.0 50.0 81.0 62.0 74.0 72.0 79.0 75.0 100.0 120.0 109.0 130.0 136.0 137.0 153.0 155.0 7.0 55.0 35.0 37.0 53.0 57.0 69.0 68.0 73.0 79.0 105.0 117.0 118.0 118.0 116.0 124.0 119.0 162.0 134.0 160.0 53.0 90.0 57.0 53.0 65.0 82.0 70.0 82.0 73.0 101.0 102.0 124.0 138.0 144.0 149.0 154.0 147.0 157.0 138.0 141.0 68.0 115.0 82.0 65.0 89.0 86.0 105.0 95.0 90.0 102.0 135.0 134.0 161.0 146.0 152.0 147.0 183.0 190.0 167.0 164.0 79.0 122.0 110.0 103.0 95.0 105.0 121.0 122.0 122.0 111.0 146.0 127.0 157.0 146.0 170.0 148.0 175.0 179.0 193.0 208.0 106.0 133.0 114.0 115.0 125.0 126.0 152.0 154.0 134.0 118.0 131.0 123.0 170.0 159.0 183.0 151.0 184.0 172.0 218.0 181.0 139.0 145.0 140.0 132.0 142.0 148.0 178.0 159.0 173.0 133.0 172.0 152.0 189.0 161.0 177.0 156.0 185.0 188.0 231.0 215.0 172.0 170.0 159.0 137.0 155.0 145.0 156.0 161.0 149.0 141.0 182.0 188.0 190.0 206.0 171.0 169.0 178.0 193.0 202.0 215.0 186.0 173.0 171.0 170.0 186.0 182.0 173.0 171.0 152.0 168.0 193.0 199.0 214.0 202.0 216.0 203.0 213.0 213.0 208.0 230.0
48.0 46.0 52.0 57.0 73.0 76.0 104.0 83.0 107.0 76.0 86.0 80.0 97.0 111.0 109.0 114.0 159.0 144.0 183.0 166.0 32.0 0.0 51.0 48.0 70.0 52.0 83.0 64.0 76.0 74.0 81.0 77.0 102.0 122.0 111.0 132.0 138.0 139.0 155.0 157.0 39.0 46.0 67.0 69.0 79.0 85.0 71.0 70.0 75.0 81.0 107.0 119.0 120.0 120.0 118.0 126.0 121.0 164.0 136.0 162.0 85.0 81.0 89.0 85.0 91.0 94.0 72.0 84.0 75.0 103.0 104.0 126.0 140.0 146.0 151.0 156.0 149.0 159.0 140.0 143.0 100.0 126.0 114.0 97.0 121.0 118.0 108.0 115.0 92.0 112.0 137.0 144.0 163.0 148.0 154.0 149.0 185.0 192.0 169.0 166.0 111.0 141.0 142.0 135.0 127.0 137.0 130.0 143.0 129.0 121.0 156.0 137.0 167.0 156.0 174.0 150.0 179.0 181.0 197.0 210.0 138.0 152.0 146.0 147.0 157.0 158.0 161.0 167.0 144.0 128.0 141.0 133.0 176.0 161.0 189.0 153.0 186.0 174.0 220.0 183.0 171.0 177.0 172.0 164.0 174.0 180.0 188.0 169.0 183.0 143.0 182.0 162.0 195.0 164.0 179.0 158.0 187.0 190.0 233.0 217.0 204.0 202.0 191.0 169.0 187.0 177.0 166.0 171.0 159.0 151.0 192.0 198.0 192.0 208.0 173.0 171.0 180.0 195.0 204.0 217.0 218.0 205.0 203.0 202.0 215.0 209.0 183.0 181.0 162.0 178.0 203.0 209.0 224.0 212.0 218.0 205.0 215.0 215.0 210.0 232.0
48.0 47.0 44.0 36.0 49.0 55.0 80.0 62.0 86.0 55.0 65.0 59.0 76.0 90.0 88.0 93.0 138.0 123.0 162.0 145.0 19.0 51.0 0.0 27.0 42.0 31.0 62.0 43.0 55.0 53.0 60.0 56.0 81.0 101.0 90.0 111.0 117.0 118.0 134.0 136.0 26.0 59.0 16.0 18.0 34.0 38.0 50.0 49.0 54.0 60.0 86.0 98.0 99.0 99.0 97.0 105.0 100.0 143.0 115.0 141.0 72.0 83.0 38.0 34.0 46.0 63.0 51.0 63.0 54.0 82.0 83.0 105.0 119.0 125.0 130.0 135.0 128.0 138.0 119.0 122.0 78.0 96.0 63.0 46.0 70.0 67.0 86.0 76.0 71.0 83.0 116.0 115.0 142.0 127.0 133.0 128.0 164.0 171.0 148.0 145.0 89.0 111.0 102.0 84.0 76.0 86.0 102.0 103.0 103.0 92.0 127.0 108.0 138.0 127.0 151.0 129.0 156.0 160.0 174.0 189.0 116.0 122.0 124.0 123.0 122.0 112.0 133.0 139.0 115.0 99.0 112.0 104.0 151.0 140.0 164.0 132.0 165.0 153.0 199.0 162.0 149.0 153.0 150.0 140.0 139.0 149.0 159.0 140.0 154.0 114.0 153.0 133.0 170.0 142.0 158.0 137.0 166.0 169.0 212.0 196.0 180.0 178.0 167.0 145.0 159.0 153.0 137.0 142.0 130.0 122.0 163.0 169.0 171.0 187.0 152.0 150.0 159.0 174.0 183.0 196.0 194.0 181.0 179.0 178.0 186.0 180.0 154.0 152.0 133.0 149.0 174.0 180.0 195.0 183.0 197.0 184.0 194.0 194.0 189.0 211.0
22.0 20.0 26.0 9.0 29.0 28.0 60.0 35.0 59.0 28.0 38.0 32.0 49.0 63.0 61.0 66.0 111.0 96.0 135.0 118.0 46.0 48.0 27.0 0.0 22.0 4.0 35.0 16.0 28.0 26.0 33.0 29.0 54.0 74.0 63.0 84.0 90.0 91.0 107.0 109.0 53.0 85.0 43.0 44.0 31.0 37.0 23.0 22.0 27.0 33.0 59.0 71.0 72.0 72.0 70.0 78.0 73.0 116.0 88.0 114.0 99.0 109.0 65.0 60.0 43.0 46.0 24.0 36.0 27.0 55.0 56.0 78.0 92.0 98.0 103.0 108.0 101.0 111.0 92.0 95.0 104.0 122.0 89.0 72.0 82.0 76.0 60.0 67.0 44.0 64.0 89.0 96.0 115.0 100.0 106.0 101.0 137.0 144.0 121.0 118.0 115.0 134.0 115.0 107.0 88.0 105.0 82.0 95.0 81.0 73.0 108.0 89.0 119.0 108.0 126.0 102.0 131.0 133.0 149.0 162.0 142.0 145.0 143.0 142.0 134.0 131.0 113.0 119.0 96.0 80.0 93.0 85.0 128.0 113.0 141.0 105.0 138.0 126.0 172.0 135.0 175.0 168.0 164.0 155.0 151.0 139.0 140.0 121.0 135.0 95.0 134.0 114.0 147.0 116.0 131.0 110.0 139.0 142.0 185.0 169.0 195.0 193.0 182.0 160.0 161.0 154.0 118.0 123.0 111.0 103.0 144.0 150.0 144.0 160.0 125.0 123.0 132.0 147.0 156.0 169.0 189.0 176.0 174.0 173.0 167.0 161.0 135.0 133.0 114.0 130.0 155.0 161.0 176.0 164.0 170.0 157.0 167.0 167.0 162.0 184.0
32.0 34.0 28.0 31.0 7.0 16.0 38.0 23.0 54.0 30.0 44.0 38.0 55.0 69.0 67.0 72.0 117.0 102.0 141.0 124.0 61.0 70.0 42.0 22.0 0.0 18.0 35.0 30.0 41.0 32.0 46.0 35.0 67.0 81.0 69.0 90.0 96.0 97.0 113.0 115.0 66.0 70.0 27.0 29.0 9.0 39.0 36.0 36.0 40.0 39.0 72.0 77.0 85.0 78.0 76.0 84.0 79.0 122.0 94.0 120.0 95.0 94.0 49.0 45.0 21.0 38.0 37.0 48.0 40.0 68.0 69.0 91.0 105.0 111.0 109.0 121.0 107.0 122.0 98.0 101.0 82.0 107.0 67.0 57.0 60.0 78.0 73.0 79.0 57.0 77.0 102.0 109.0 128.0 113.0 112.0 114.0 143.0 151.0 127.0 124.0 93.0 122.0 93.0 95.0 66.0 94.0 92.0 108.0 93.0 86.0 121.0 102.0 132.0 121.0 139.0 115.0 144.0 146.0 162.0 168.0 120.0 133.0 123.0 124.0 112.0 120.0 123.0 129.0 109.0 93.0 106.0 98.0 141.0 126.0 154.0 118.0 151.0 139.0 185.0 148.0 153.0 154.0 142.0 141.0 129.0 152.0 153.0 134.0 148.0 108.0 147.0 127.0 160.0 129.0 144.0 123.0 152.0 155.0 198.0 182.0 181.0 179.0 168.0 146.0 149.0 154.0 131.0 136.0 124.0 116.0 157.0 163.0 157.0 173.0 138.0 136.0 145.0 160.0 169.0 182.0 195.0 182.0 180.0 179.0 180.0 174.0 148.0 146.0 127.0 143.0 168.0 174.0 189.0 177.0 183.0 170.0 180.0 180.0 175.0 197.0
26.0 24.0 30.0 13.0 25.0 24.0 56.0 31.0 55.0 24.0 34.0 28.0 45.0 59.0 57.0 62.0 107.0 92.0 131.0 114.0 50.0 52.0 31.0 4.0 18.0 0.0 31.0 12.0 24.0 22.0 29.0 25.0 50.0 70.0 59.0 80.0 86.0 87.0 103.0 105.0 57.0 88.0 45.0 47.0 27.0 33.0 19.0 18.0 23.0 29.0 55.0 67.0 68.0 68.0 66.0 74.0 69.0 112.0 84.0 110.0 103.0 112.0 67.0 63.0 39.0 42.0 20.0 32.0 23.0 51.0 52.0 74.0 88.0 94.0 99.0 104.0 97.0 107.0 88.0 91.0 100.0 125.0 85.0 75.0 78.0 72.0 56.0 63.0 40.0 60.0 85.0 92.0 111.0 96.0 102.0 97.0 133.0 140.0 117.0 114.0 111.0 130.0 111.0 103.0 84.0 101.0 78.0 91.0 77.0 69.0 104.0 85.0 115.0 104.0 122.0 98.0 127.0 129.0 145.0 158.0 138.0 141.0 139.0 138.0 130.0 127.0 109.0 115.0 92.0 76.0 89.0 81.0 124.0 109.0 137.0 101.0 134.0 122.0 168.0 131.0 171.0 164.0 160.0 151.0 147.0 135.0 136.0 117.0 131.0 91.0 130.0 110.0 143.0 112.0 127.0 106.0 135.0 138.0 181.0 165.0 191.0 189.0 178.0 156.0 157.0 150.0 114.0 119.0 107.0 99.0 140.0 146.0 140.0 156.0 121.0 119.0 128.0 143.0 152.0 165.0 185.0 172.0 170.0 169.0 163.0 157.0 131.0 129.0 110.0 126.0 151.0 157.0 172.0 160.0 166.0 153.0 163.0 163.0 158.0 180.0
57.0 55.0 61.0 44.0 42.0 41.0 29.0 34.0 43.0 27.0 37.0 31.0 48.0 62.0 60.0 65.0 110.0 95.0 134.0 117.0 81.0 83.0 62.0 35.0 35.0 31.0 0.0 19.0 12.0 25.0 17.0 28.0 38.0 58.0 62.0 83.0 89.0 90.0 106.0 108.0 88.0 89.0 50.0 48.0 39.0 28.0 12.0 13.0 13.0 32.0 45.0 70.0 58.0 71.0 69.0 77.0 72.0 115.0 87.0 113.0 117.0 113.0 72.0 64.0 43.0 35.0 13.0 25.0 16.0 44.0 45.0 67.0 81.0 87.0 99.0 97.0 100.0 100.0 91.0 94.0 102.0 126.0 87.0 76.0 80.0 65.0 49.0 56.0 33.0 53.0 78.0 85.0 104.0 89.0 96.0 90.0 127.0 133.0 120.0 117.0 113.0 123.0 113.0 96.0 86.0 94.0 71.0 84.0 70.0 62.0 97.0 78.0 108.0 97.0 115.0 91.0 120.0 122.0 138.0 155.0 140.0 134.0 132.0 131.0 132.0 120.0 102.0 108.0 85.0 69.0 82.0 74.0 117.0 102.0 130.0 94.0 127.0 115.0 161.0 124.0 173.0 157.0 158.0 144.0 149.0 128.0 129.0 110.0 124.0 84.0 123.0 103.0 136.0 105.0 120.0 99.0 128.0 131.0 174.0 158.0 184.0 182.0 171.0 149.0 150.0 143.0 107.0 112.0 100.0 92.0 133.0 139.0 133.0 149.0 114.0 112.0 121.0 136.0 145.0 158.0 178.0 165.0 163.0 162.0 156.0 150.0 124.0 122.0 103.0 119.0 144.0 150.0 165.0 153.0 159.0 146.0 156.0 156.0 151.0 173.0
38.0 36.0 42.0 25.0 35.0 26.0 48.0 19.0 43.0 12.0 22.0 16.0 33.0 47.0 45.0 50.0 95.0 80.0 119.0 102.0 62.0 64.0 43.0 16.0 30.0 12.0 19.0 0.0 12.0 10.0 17.0 13.0 38.0 58.0 47.0 68.0 74.0 75.0 91.0 93.0 69.0 82.0 43.0 41.0 34.0 21.0 7.0 6.0 11.0 17.0 43.0 55.0 56.0 56.0 54.0 62.0 57.0 100.0 72.0 98.0 111.0 106.0 65.0 57.0 38.0 30.0 8.0 20.0 11.0 39.0 40.0 62.0 76.0 82.0 87.0 92.0 85.0 95.0 76.0 79.0 97.0 119.0 82.0 69.0 75.0 60.0 44.0 51.0 28.0 48.0 73.0 80.0 99.0 84.0 90.0 85.0 121.0 128.0 105.0 102.0 108.0 118.0 108.0 91.0 81.0 89.0 66.0 79.0 65.0 57.0 92.0 73.0 103.0 92.0 110.0 86.0 115.0 117.0 133.0 146.0 135.0 129.0 127.0 126.0 127.0 115.0 97.0 103.0 80.0 64.0 77.0 69.0 112.0 97.0 125.0 89.0 122.0 110.0 156.0 119.0 168.0 152.0 153.0 139.0 144.0 123.0 124.0 105.0 119.0 79.0 118.0 98.0 131.0 100.0 115.0 94.0 123.0 126.0 169.0 153.0 179.0 177.0 166.0 144.0 145.0 138.0 102.0 107.0 95.0 87.0 128.0 134.0 128.0 144.0 109.0 107.0 116.0 131.0 140.0 153.0 173.0 160.0 158.0 157.0 151.0 145.0 119.0 117.0 98.0 114.0 139.0 145.0 160.0 148.0 154.0 141.0 151.0 151.0 146.0 168.0
50.0 48.0 54.0 37.0 38.0 29.0 41.0 22.0 31.0 15.0 25.0 19.0 36.0 50.0 48.0 53.0 98.0 83.0 122.0 105.0 74.0 76.0 55.0 28.0 41.0 24.0 12.0 12.0 0.0 13.0 5.0 16.0 26.0 46.0 50.0 71.0 77.0 78.0 94.0 96.0 81.0 82.0 43.0 41.0 32.0 21.0 5.0 6.0 1.0 20.0 33.0 58.0 46.0 59.0 57.0 65.0 60.0 103.0 75.0 101.0 110.0 106.0 65.0 57.0 36.0 28.0 6.0 18.0 9.0 37.0 38.0 60.0 74.0 80.0 90.0 90.0 88.0 93.0 79.0 82.0 95.0 119.0 80.0 69.0 73.0 58.0 42.0 49.0 26.0 46.0 71.0 78.0 97.0 82.0 89.0 83.0 120.0 126.0 108.0 105.0 106.0 116.0 106.0 89.0 79.0 87.0 64.0 77.0 63.0 55.0 90.0 71.0 101.0 90.0 108.0 84.0 113.0 115.0 131.0 148.0 133.0 127.0 125.0 124.0 125.0 113.0 95.0 101.0 78.0 62.0 75.0 67.0 110.0 95.0 123.0 87.0 120.0 108.0 154.0 117.0 166.0 150.0 151.0 137.0 142.0 121.0 122.0 103.0 117.0 77.0 116.0 96.0 129.0 98.0 113.0 92.0 121.0 124.0 167.0 151.0 177.0 175.0 164.0 142.0 143.0 136.0 100.0 105.0 93.0 85.0 126.0 132.0 126.0 142.0 107.0 105.0 114.0 129.0 138.0 151.0 171.0 158.0 156.0 155.0 149.0 143.0 117.0 115.0 96.0 112.0 137.0 143.0 158.0 146.0 152.0 139.0 149.0 149.0 144.0 166.0
48.0 46.0 46.0 35.0 25.0 16.0 44.0 9.0 44.0 2.0 12.0 6.0 23.0 37.0 35.0 40.0 85.0 70.0 109.0 92.0 72.0 74.0 53.0 26.0 32.0 22.0 25.0 10.0 13.0 0.0 18.0 3.0 39.0 49.0 37.0 58.0 64.0 65.0 81.0 83.0 79.0 92.0 53.0 51.0 41.0 31.0 17.0 16.0 14.0 7.0 46.0 45.0 59.0 46.0 44.0 52.0 47.0 90.0 62.0 88.0 121.0 116.0 75.0 67.0 48.0 40.0 18.0 30.0 21.0 40.0 50.0 69.0 85.0 79.0 77.0 89.0 75.0 90.0 66.0 69.0 107.0 129.0 92.0 79.0 85.0 70.0 54.0 61.0 38.0 58.0 83.0 90.0 106.0 81.0 80.0 82.0 111.0 119.0 95.0 92.0 118.0 128.0 118.0 101.0 91.0 99.0 76.0 89.0 75.0 67.0 102.0 83.0 108.0 97.0 107.0 83.0 112.0 114.0 130.0 136.0 145.0 139.0 137.0 136.0 137.0 125.0 107.0 113.0 90.0 74.0 87.0 79.0 109.0 94.0 122.0 86.0 119.0 107.0 153.0 116.0 178.0 162.0 163.0 149.0 154.0 133.0 134.0 115.0 129.0 89.0 126.0 106.0 128.0 97.0 112.0 91.0 120.0 123.0 166.0 150.0 189.0 187.0 176.0 154.0 155.0 148.0 112.0 117.0 105.0 97.0 136.0 142.0 125.0 141.0 106.0 104.0 113.0 128.0 137.0 150.0 183.0 170.0 168.0 167.0 161.0 155.0 129.0 127.0 108.0 124.0 149.0 153.0 163.0 153.0 151.0 138.0 148.0 148.0 143.0 165.0
55.0 53.0 59.0 42.0 43.0 34.0 46.0 27.0 36.0 20.0 25.0 19.0 36.0 50.0 47.0 52.0 97.0 78.0 117.0 100.0 79.0 81.0 60.0 33.0 46.0 29.0 17.0 17.0 5.0 18.0 0.0 16.0 21.0 41.0 45.0 66.0 72.0 73.0 89.0 91.0 86.0 87.0 48.0 46.0 37.0 26.0 10.0 11.0 6.0 25.0 38.0 63.0 51.0 64.0 52.0 60.0 55.0 98.0 70.0 96.0 115.0 111.0 70.0 62.0 41.0 33.0 11.0 23.0 14.0 42.0 43.0 65.0 79.0 85.0 85.0 95.0 83.0 98.0 74.0 77.0 100.0 124.0 85.0 74.0 78.0 63.0 47.0 54.0 31.0 51.0 76.0 83.0 102.0 87.0 88.0 88.0 119.0 127.0 103.0 100.0 111.0 121.0 111.0 94.0 84.0 92.0 69.0 82.0 68.0 60.0 95.0 76.0 106.0 95.0 113.0 89.0 118.0 120.0 136.0 144.0 138.0 132.0 130.0 129.0 130.0 118.0 100.0 106.0 83.0 67.0 80.0 72.0 115.0 100.0 128.0 92.0 125.0 113.0 159.0 122.0 171.0 155.0 156.0 142.0 147.0 126.0 127.0 108.0 122.0 82.0 121.0 101.0 134.0 103.0 118.0 97.0 126.0 129.0 172.0 156.0 182.0 180.0 169.0 147.0 148.0 141.0 105.0 110.0 98.0 90.0 131.0 137.0 131.0 147.0 112.0 110.0 119.0 134.0 143.0 156.0 176.0 163.0 161.0 160.0 154.0 148.0 122.0 120.0 101.0 117.0 142.0 148.0 163.0 151.0 157.0 144.0 154.0 154.0 149.0 171.0
51.0 49.0 49.0 38.0 28.0 19.0 47.0 12.0 47.0 5.0 9.0 3.0 20.0 34.0 32.0 37.0 82.0 67.0 106.0 89.0 75.0 77.0 56.0 29.0 35.0 25.0 28.0 13.0 16.0 3.0 16.0 0.0 37.0 46.0 34.0 55.0 61.0 62.0 78.0 80.0 82.0 95.0 56.0 54.0 44.0 34.0 20.0 19.0 17.0 10.0 49.0 48.0 62.0 49.0 41.0 49.0 44.0 87.0 59.0 85.0 124.0 119.0 78.0 70.0 51.0 43.0 21.0 33.0 24.0 43.0 53.0 72.0 88.0 82.0 74.0 90.0 72.0 87.0 63.0 66.0 110.0 132.0 95.0 82.0 88.0 73.0 57.0 64.0 41.0 61.0 86.0 93.0 109.0 84.0 77.0 83.0 108.0 116.0 92.0 89.0 121.0 131.0 121.0 104.0 94.0 102.0 79.0 92.0 78.0 70.0 105.0 86.0 111.0 100.0 108.0 84.0 113.0 115.0 131.0 133.0 148.0 142.0 140.0 139.0 140.0 128.0 110.0 116.0 93.0 77.0 90.0 82.0 110.0 95.0 123.0 87.0 120.0 108.0 154.0 117.0 181.0 165.0 166.0 152.0 157.0 136.0 137.0 118.0 132.0 92.0 127.0 107.0 129.0 98.0 113.0 92.0 121.0 124.0 167.0 151.0 192.0 190.0 179.0 157.0 158.0 151.0 115.0 120.0 108.0 100.0 137.0 143.0 126.0 142.0 107.0 105.0 114.0 129.0 138.0 151.0 186.0 173.0 171.0 170.0 164.0 158.0 132.0 130.0 111.0 127.0 152.0 154.0 164.0 154.0 152.0 139.0 149.0 149.0 144.0 166.0
76.0 74.0 80.0 63.0 64.0 55.0 67.0 48.0 57.0 41.0 45.0 40.0 34.0 40.0 26.0 31.0 76.0 57.0 96.0 79.0 100.0 102.0 81.0 54.0 67.0 50.0 38.0 38.0 26.0 39.0 21.0 37.0 0.0 20.0 24.0 45.0 51.0 52.0 68.0 70.0 107.0 108.0 69.0 67.0 58.0 47.0 31.0 32.0 27.0 46.0 51.0 56.0 38.0 55.0 31.0 39.0 34.0 77.0 49.0 75.0 136.0 132.0 91.0 83.0 62.0 54.0 32.0 44.0 35.0 63.0 57.0 79.0 69.0 75.0 64.0 80.0 62.0 77.0 53.0 56.0 121.0 145.0 106.0 95.0 99.0 84.0 68.0 75.0 52.0 72.0 96.0 104.0 96.0 74.0 67.0 73.0 98.0 106.0 82.0 79.0 132.0 142.0 132.0 115.0 105.0 113.0 90.0 103.0 89.0 81.0 116.0 97.0 101.0 90.0 98.0 74.0 103.0 105.0 121.0 123.0 159.0 153.0 151.0 150.0 151.0 139.0 121.0 127.0 104.0 88.0 101.0 93.0 100.0 85.0 113.0 77.0 110.0 98.0 144.0 107.0 192.0 176.0 177.0 163.0 168.0 147.0 148.0 129.0 143.0 103.0 117.0 97.0 119.0 88.0 103.0 82.0 111.0 114.0 157.0 141.0 203.0 201.0 190.0 168.0 169.0 162.0 126.0 131.0 119.0 111.0 127.0 133.0 116.0 132.0 97.0 95.0 104.0 119.0 128.0 141.0 197.0 184.0 182.0 181.0 175.0 169.0 143.0 141.0 122.0 138.0 152.0 144.0 154.0 144.0 142.0 129.0 139.0 139.0 134.0 156.0
96.0 94.0 95.0 83.0 74.0 65.0 87.0 58.0 77.0 51.0 46.0 49.0 35.0 20.0 46.0 48.0 96.0 69.0 110.0 91.0 120.0 122.0 101.0 74.0 81.0 70.0 58.0 58.0 46.0 49.0 41.0 46.0 20.0 0.0 44.0 28.0 65.0 64.0 82.0 82.0 127.0 128.0 89.0 87.0 78.0 67.0 51.0 52.0 47.0 56.0 69.0 40.0 56.0 39.0 51.0 51.0 54.0 96.0 69.0 95.0 156.0 152.0 111.0 103.0 82.0 74.0 52.0 64.0 55.0 83.0 75.0 64.0 78.0 72.0 84.0 82.0 82.0 85.0 73.0 76.0 141.0 165.0 126.0 115.0 119.0 104.0 88.0 95.0 72.0 92.0 107.0 96.0 99.0 74.0 81.0 75.0 112.0 118.0 102.0 99.0 152.0 162.0 152.0 135.0 125.0 133.0 110.0 123.0 109.0 101.0 128.0 109.0 101.0 90.0 100.0 76.0 105.0 107.0 123.0 140.0 179.0 173.0 171.0 170.0 171.0 159.0 141.0 147.0 124.0 108.0 121.0 113.0 102.0 87.0 115.0 79.0 112.0 100.0 146.0 109.0 212.0 196.0 197.0 183.0 188.0 167.0 163.0 149.0 158.0 123.0 119.0 99.0 121.0 90.0 105.0 84.0 113.0 116.0 159.0 143.0 223.0 221.0 210.0 188.0 189.0 182.0 146.0 151.0 139.0 131.0 129.0 135.0 118.0 134.0 99.0 97.0 106.0 121.0 130.0 143.0 217.0 204.0 202.0 201.0 195.0 189.0 163.0 161.0 142.0 158.0 154.0 146.0 156.0 146.0 144.0 131.0 141.0 141.0 136.0 158.0
85.0 83.0 83.0 72.0 62.0 53.0 81.0 46.0 75.0 39.0 25.0 31.0 14.0 29.0 2.0 7.0 52.0 33.0 72.0 55.0 109.0 111.0 90.0 63.0 69.0 59.0 62.0 47.0 50.0 37.0 45.0 34.0 24.0 44.0 0.0 21.0 27.0 28.0 44.0 46.0 116.0 129.0 90.0 88.0 78.0 68.0 54.0 53.0 51.0 44.0 56.0 35.0 43.0 34.0 7.0 15.0 10.0 53.0 25.0 51.0 158.0 153.0 112.0 104.0 85.0 77.0 55.0 67.0 58.0 77.0 62.0 59.0 58.0 52.0 40.0 56.0 38.0 53.0 29.0 32.0 144.0 166.0 129.0 116.0 122.0 107.0 91.0 98.0 75.0 95.0 94.0 83.0 75.0 50.0 43.0 49.0 74.0 82.0 58.0 55.0 155.0 165.0 155.0 138.0 128.0 136.0 113.0 123.0 112.0 101.0 104.0 85.0 77.0 66.0 74.0 50.0 79.0 81.0 97.0 99.0 182.0 176.0 174.0 173.0 174.0 162.0 143.0 149.0 123.0 107.0 110.0 102.0 76.0 61.0 89.0 53.0 86.0 74.0 120.0 83.0 204.0 170.0 185.0 157.0 179.0 141.0 137.0 123.0 132.0 97.0 93.0 73.0 95.0 64.0 79.0 58.0 87.0 90.0 133.0 117.0 197.0 195.0 184.0 162.0 163.0 156.0 120.0 125.0 113.0 105.0 103.0 109.0 92.0 108.0 73.0 71.0 80.0 95.0 104.0 117.0 191.0 178.0 176.0 175.0 169.0 163.0 137.0 135.0 116.0 132.0 128.0 120.0 130.0 120.0 118.0 105.0 115.0 115.0 110.0 132.0
106.0 104.0 104.0 93.0 83.0 74.0 102.0 67.0 96.0 60.0 46.0 52.0 35.0 48.0 23.0 28.0 69.0 41.0 82.0 63.0 130.0 132.0 111.0 84.0 90.0 80.0 83.0 68.0 71.0 58.0 66.0 55.0 45.0 28.0 21.0 0.0 37.0 36.0 54.0 54.0 137.0 150.0 111.0 109.0 99.0 89.0 75.0 74.0 72.0 65.0 72.0 43.0 59.0 42.0 28.0 23.0 31.0 68.0 46.0 72.0 179.0 174.0 133.0 125.0 106.0 98.0 76.0 88.0 79.0 98.0 78.0 67.0 79.0 73.0 61.0 70.0 59.0 73.0 50.0 53.0 165.0 187.0 150.0 137.0 143.0 128.0 112.0 119.0 96.0 116.0 110.0 99.0 96.0 71.0 64.0 70.0 95.0 103.0 79.0 76.0 176.0 186.0 176.0 159.0 149.0 157.0 134.0 144.0 133.0 122.0 125.0 106.0 98.0 87.0 95.0 71.0 100.0 102.0 118.0 120.0 203.0 197.0 195.0 194.0 195.0 183.0 164.0 170.0 144.0 128.0 131.0 123.0 97.0 82.0 110.0 74.0 107.0 95.0 141.0 104.0 225.0 191.0 206.0 178.0 200.0 162.0 158.0 144.0 153.0 118.0 114.0 94.0 116.0 85.0 100.0 79.0 108.0 111.0 154.0 138.0 218.0 216.0 205.0 183.0 184.0 177.0 141.0 146.0 134.0 126.0 124.0 130.0 113.0 129.0 94.0 92.0 101.0 116.0 125.0 138.0 212.0 199.0 197.0 196.0 190.0 184.0 158.0 156.0 137.0 153.0 149.0 141.0 151.0 141.0 139.0 126.0 136.0 136.0 131.0 153.0
