0.0 11.0 16.0 31.0 93.0 78.0 33.0 66.0 74.0 56.0 64.0 101.0 145.0 123.0 101.0 54.0 74.0 86.0 68.0
11.0 0.0 27.0 42.0 104.0 89.0 44.0 77.0 85.0 67.0 75.0 112.0 156.0 134.0 112.0 65.0 85.0 97.0 79.0
16.0 27.0 0.0 47.0 77.0 82.0 49.0 82.0 58.0 60.0 48.0 85.0 129.0 107.0 85.0 38.0 58.0 70.0 52.0
31.0 42.0 47.0 0.0 66.0 47.0 64.0 97.0 47.0 25.0 61.0 94.0 138.0 116.0 94.0 47.0 67.0 71.0 53.0
93.0 104.0 77.0 66.0 0.0 25.0 126.0 159.0 19.0 41.0 77.0 86.0 130.0 108.0 86.0 39.0 59.0 43.0 25.0
78.0 89.0 82.0 47.0 25.0 0.0 111.0 144.0 32.0 22.0 58.0 91.0 135.0 113.0 91.0 44.0 64.0 56.0 38.0
33.0 44.0 49.0 64.0 126.0 111.0 0.0 33.0 107.0 89.0 97.0 134.0 178.0 156.0 134.0 87.0 107.0 119.0 101.0
66.0 77.0 82.0 97.0 159.0 144.0 33.0 0.0 140.0 122.0 130.0 167.0 211.0 189.0 167.0 120.0 140.0 152.0 134.0
74.0 85.0 58.0 47.0 19.0 32.0 107.0 140.0 0.0 22.0 58.0 67.0 111.0 89.0 67.0 20.0 40.0 24.0 6.0
56.0 67.0 60.0 25.0 41.0 22.0 89.0 122.0 22.0 0.0 36.0 69.0 113.0 91.0 69.0 22.0 42.0 46.0 28.0
64.0 75.0 48.0 61.0 77.0 58.0 97.0 130.0 58.0 36.0 0.0 105.0 149.0 127.0 105.0 58.0 78.0 82.0 64.0
101.0 112.0 85.0 94.0 86.0 91.0 134.0 167.0 67.0 69.0 105.0 0.0 44.0 68.0 90.0 47.0 67.0 79.0 61.0
145.0 156.0 129.0 138.0 130.0 135.0 178.0 211.0 111.0 113.0 149.0 44.0 0.0 24.0 46.0 91.0 111.0 123.0 105.0
123.0 134.0 107.0 116.0 108.0 113.0 156.0 189.0 89.0 91.0 127.0 68.0 24.0 0.0 22.0 69.0 89.0 101.0 83.0
101.0 112.0 85.0 94.0 86.0 91.0 134.0 167.0 67.0 69.0 105.0 90.0 46.0 22.0 0.0 47.0 67.0 79.0 61.0
54.0 65.0 38.0 47.0 39.0 44.0 87.0 120.0 20.0 22.0 58.0 47.0 91.0 69.0 47.0 0.0 20.0 32.0 14.0
74.0 85.0 58.0 67.0 59.0 64.0 107.0 140.0 40.0 42.0 78.0 67.0 111.0 89.0 67.0 20.0 0.0 35.0 34.0
86.0 97.0 70.0 71.0 43.0 56.0 119.0 152.0 24.0 46.0 82.0 79.0 123.0 101.0 79.0 32.0 35.0 0.0 18.0
68.0 79.0 52.0 53.0 25.0 38.0 101.0 134.0 6.0 28.0 64.0 61.0 105.0 83.0 61.0 14.0 34.0 18.0 0.0
