0.0 29.0 118.0 91.0 46.0 140.0 120.0 91.0 311.0 360.0 234.0 265.0 186.0 197.0 108.0 139.0 50.0 61.0
29.0 0.0 89.0 62.0 75.0 111.0 149.0 120.0 282.0 331.0 205.0 236.0 157.0 168.0 79.0 110.0 21.0 32.0
118.0 89.0 0.0 27.0 164.0 22.0 238.0 209.0 307.0 356.0 230.0 261.0 182.0 193.0 104.0 135.0 68.0 57.0
91.0 62.0 27.0 0.0 137.0 49.0 211.0 182.0 280.0 329.0 203.0 234.0 155.0 166.0 77.0 108.0 41.0 30.0
46.0 75.0 164.0 137.0 0.0 186.0 74.0 45.0 357.0 406.0 280.0 311.0 232.0 243.0 154.0 185.0 96.0 107.0
140.0 111.0 22.0 49.0 186.0 0.0 260.0 231.0 329.0 378.0 252.0 283.0 204.0 215.0 126.0 157.0 90.0 79.0
120.0 149.0 238.0 211.0 74.0 260.0 0.0 29.0 431.0 480.0 354.0 385.0 306.0 317.0 228.0 259.0 170.0 181.0
91.0 120.0 209.0 182.0 45.0 231.0 29.0 0.0 402.0 451.0 325.0 356.0 277.0 288.0 199.0 230.0 141.0 152.0
311.0 282.0 307.0 280.0 357.0 329.0 431.0 402.0 0.0 49.0 77.0 46.0 125.0 114.0 203.0 172.0 261.0 250.0
360.0 331.0 356.0 329.0 406.0 378.0 480.0 451.0 49.0 0.0 126.0 95.0 174.0 163.0 252.0 221.0 310.0 299.0
234.0 205.0 230.0 203.0 280.0 252.0 354.0 325.0 77.0 126.0 0.0 31.0 48.0 37.0 126.0 95.0 184.0 173.0
265.0 236.0 261.0 234.0 311.0 283.0 385.0 356.0 46.0 95.0 31.0 0.0 79.0 68.0 157.0 126.0 215.0 204.0
186.0 157.0 182.0 155.0 232.0 204.0 306.0 277.0 125.0 174.0 48.0 79.0 0.0 11.0 78.0 47.0 136.0 125.0
197.0 168.0 193.0 166.0 243.0 215.0 317.0 288.0 114.0 163.0 37.0 68.0 11.0 0.0 89.0 58.0 147.0 136.0
108.0 79.0 104.0 77.0 154.0 126.0 228.0 199.0 203.0 252.0 126.0 157.0 78.0 89.0 0.0 31.0 58.0 47.0
139.0 110.0 135.0 108.0 185.0 157.0 259.0 230.0 172.0 221.0 95.0 126.0 47.0 58.0 31.0 0.0 89.0 78.0
50.0 21.0 68.0 41.0 96.0 90.0 170.0 141.0 261.0 310.0 184.0 215.0 136.0 147.0 58.0 89.0 0.0 11.0
61.0 32.0 57.0 30.0 107.0 79.0 181.0 152.0 250.0 299.0 173.0 204.0 125.0 136.0 47.0 78.0 11.0 0.0
