0.0 9.0 23.0 16.0 131.0 130.0 27.0 103.0 125.0 148.0 318.0 272.0 226.0 185.0 92.0 68.0 129.0 348.0 141.0 112.0 57.0 79.0 96.0 120.0 102.0 31.0 54.0 95.0
9.0 0.0 14.0 7.0 122.0 121.0 36.0 94.0 116.0 139.0 309.0 263.0 217.0 176.0 83.0 59.0 120.0 339.0 132.0 103.0 48.0 70.0 87.0 111.0 93.0 22.0 45.0 86.0
23.0 14.0 0.0 7.0 108.0 107.0 47.0 80.0 102.0 125.0 295.0 249.0 203.0 162.0 69.0 45.0 106.0 325.0 126.0 89.0 34.0 56.0 73.0 97.0 79.0 22.0 45.0 86.0
16.0 7.0 7.0 0.0 115.0 114.0 43.0 87.0 109.0 132.0 302.0 256.0 210.0 169.0 76.0 52.0 113.0 332.0 125.0 96.0 41.0 63.0 80.0 104.0 86.0 15.0 38.0 79.0
131.0 122.0 108.0 115.0 0.0 77.0 155.0 125.0 93.0 116.0 286.0 240.0 194.0 153.0 39.0 90.0 109.0 316.0 171.0 134.0 74.0 101.0 76.0 88.0 70.0 130.0 153.0 194.0
130.0 121.0 107.0 114.0 77.0 0.0 154.0 124.0 92.0 115.0 285.0 239.0 193.0 152.0 38.0 89.0 108.0 315.0 170.0 133.0 73.0 100.0 75.0 87.0 69.0 129.0 152.0 193.0
27.0 36.0 47.0 43.0 155.0 154.0 0.0 127.0 149.0 172.0 342.0 296.0 250.0 209.0 116.0 92.0 153.0 372.0 168.0 136.0 81.0 103.0 120.0 144.0 126.0 58.0 81.0 122.0
103.0 94.0 80.0 87.0 125.0 124.0 127.0 0.0 90.0 113.0 283.0 237.0 191.0 150.0 86.0 35.0 28.0 313.0 116.0 79.0 51.0 24.0 61.0 52.0 67.0 102.0 125.0 162.0
125.0 116.0 102.0 109.0 93.0 92.0 149.0 90.0 0.0 23.0 193.0 147.0 101.0 60.0 54.0 84.0 62.0 223.0 165.0 128.0 68.0 95.0 29.0 41.0 23.0 124.0 147.0 188.0
148.0 139.0 125.0 132.0 116.0 115.0 172.0 113.0 23.0 0.0 170.0 124.0 78.0 37.0 77.0 107.0 85.0 200.0 188.0 151.0 91.0 118.0 52.0 64.0 46.0 147.0 170.0 211.0
318.0 309.0 295.0 302.0 286.0 285.0 342.0 283.0 193.0 170.0 0.0 46.0 92.0 133.0 247.0 277.0 255.0 30.0 358.0 321.0 261.0 288.0 222.0 234.0 216.0 317.0 340.0 381.0
272.0 263.0 249.0 256.0 240.0 239.0 296.0 237.0 147.0 124.0 46.0 0.0 46.0 87.0 201.0 231.0 209.0 76.0 312.0 275.0 215.0 242.0 176.0 188.0 170.0 271.0 294.0 335.0
226.0 217.0 203.0 210.0 194.0 193.0 250.0 191.0 101.0 78.0 92.0 46.0 0.0 41.0 155.0 185.0 163.0 122.0 266.0 229.0 169.0 196.0 130.0 142.0 124.0 225.0 248.0 289.0
185.0 176.0 162.0 169.0 153.0 152.0 209.0 150.0 60.0 37.0 133.0 87.0 41.0 0.0 114.0 144.0 122.0 163.0 225.0 188.0 128.0 155.0 89.0 101.0 83.0 184.0 207.0 248.0
92.0 83.0 69.0 76.0 39.0 38.0 116.0 86.0 54.0 77.0 247.0 201.0 155.0 114.0 0.0 51.0 70.0 277.0 132.0 95.0 35.0 62.0 37.0 49.0 31.0 91.0 114.0 155.0
68.0 59.0 45.0 52.0 90.0 89.0 92.0 35.0 84.0 107.0 277.0 231.0 185.0 144.0 51.0 0.0 63.0 307.0 81.0 44.0 16.0 11.0 55.0 79.0 61.0 67.0 90.0 127.0
129.0 120.0 106.0 113.0 109.0 108.0 153.0 28.0 62.0 85.0 255.0 209.0 163.0 122.0 70.0 63.0 0.0 285.0 144.0 107.0 72.0 52.0 33.0 24.0 39.0 128.0 151.0 190.0
348.0 339.0 325.0 332.0 316.0 315.0 372.0 313.0 223.0 200.0 30.0 76.0 122.0 163.0 277.0 307.0 285.0 0.0 388.0 351.0 291.0 318.0 252.0 264.0 246.0 347.0 370.0 411.0
141.0 132.0 126.0 125.0 171.0 170.0 168.0 116.0 165.0 188.0 358.0 312.0 266.0 225.0 132.0 81.0 144.0 388.0 0.0 37.0 97.0 92.0 136.0 160.0 142.0 110.0 87.0 46.0
112.0 103.0 89.0 96.0 134.0 133.0 136.0 79.0 128.0 151.0 321.0 275.0 229.0 188.0 95.0 44.0 107.0 351.0 37.0 0.0 60.0 55.0 99.0 123.0 105.0 111.0 124.0 83.0
57.0 48.0 34.0 41.0 74.0 73.0 81.0 51.0 68.0 91.0 261.0 215.0 169.0 128.0 35.0 16.0 72.0 291.0 97.0 60.0 0.0 27.0 39.0 63.0 45.0 56.0 79.0 120.0
79.0 70.0 56.0 63.0 101.0 100.0 103.0 24.0 95.0 118.0 288.0 242.0 196.0 155.0 62.0 11.0 52.0 318.0 92.0 55.0 27.0 0.0 66.0 76.0 72.0 78.0 101.0 138.0
96.0 87.0 73.0 80.0 76.0 75.0 120.0 61.0 29.0 52.0 222.0 176.0 130.0 89.0 37.0 55.0 33.0 252.0 136.0 99.0 39.0 66.0 0.0 24.0 6.0 95.0 118.0 159.0
120.0 111.0 97.0 104.0 88.0 87.0 144.0 52.0 41.0 64.0 234.0 188.0 142.0 101.0 49.0 79.0 24.0 264.0 160.0 123.0 63.0 76.0 24.0 0.0 18.0 119.0 142.0 183.0
102.0 93.0 79.0 86.0 70.0 69.0 126.0 67.0 23.0 46.0 216.0 170.0 124.0 83.0 31.0 61.0 39.0 246.0 142.0 105.0 45.0 72.0 6.0 18.0 0.0 101.0 124.0 165.0
31.0 22.0 22.0 15.0 130.0 129.0 58.0 102.0 124.0 147.0 317.0 271.0 225.0 184.0 91.0 67.0 128.0 347.0 110.0 111.0 56.0 78.0 95.0 119.0 101.0 0.0 23.0 64.0
54.0 45.0 45.0 38.0 153.0 152.0 81.0 125.0 147.0 170.0 340.0 294.0 248.0 207.0 114.0 90.0 151.0 370.0 87.0 124.0 79.0 101.0 118.0 142.0 124.0 23.0 0.0 41.0
95.0 86.0 86.0 79.0 194.0 193.0 122.0 162.0 188.0 211.0 381.0 335.0 289.0 248.0 155.0 127.0 190.0 411.0 46.0 83.0 120.0 138.0 159.0 183.0 165.0 64.0 41.0 0.0
