0.0 81.0 92.0 9.0 40.0 43.0 65.0 123.0 97.0 161.0 201.0 195.0 145.0 97.0 71.0
81.0 0.0 17.0 90.0 41.0 66.0 88.0 146.0 120.0 184.0 224.0 218.0 168.0 120.0 94.0
92.0 17.0 0.0 83.0 58.0 49.0 71.0 129.0 103.0 167.0 207.0 201.0 151.0 103.0 77.0
9.0 90.0 83.0 0.0 49.0 34.0 56.0 114.0 88.0 152.0 192.0 186.0 136.0 88.0 62.0
40.0 41.0 58.0 49.0 0.0 83.0 105.0 163.0 137.0 201.0 241.0 235.0 185.0 137.0 111.0
43.0 66.0 49.0 34.0 83.0 0.0 22.0 80.0 54.0 118.0 158.0 152.0 102.0 54.0 28.0
65.0 88.0 71.0 56.0 105.0 22.0 0.0 58.0 32.0 96.0 136.0 174.0 124.0 76.0 50.0
123.0 146.0 129.0 114.0 163.0 80.0 58.0 0.0 26.0 38.0 78.0 124.0 174.0 134.0 108.0
97.0 120.0 103.0 88.0 137.0 54.0 32.0 26.0 0.0 64.0 104.0 150.0 156.0 108.0 82.0
161.0 184.0 167.0 152.0 201.0 118.0 96.0 38.0 64.0 0.0 40.0 86.0 136.0 172.0 146.0
201.0 224.0 207.0 192.0 241.0 158.0 136.0 78.0 104.0 40.0 0.0 46.0 96.0 144.0 170.0
195.0 218.0 201.0 186.0 235.0 152.0 174.0 124.0 150.0 86.0 46.0 0.0 50.0 98.0 124.0
145.0 168.0 151.0 136.0 185.0 102.0 124.0 174.0 156.0 136.0 96.0 50.0 0.0 48.0 74.0
97.0 120.0 103.0 88.0 137.0 54.0 76.0 134.0 108.0 172.0 144.0 98.0 48.0 0.0 26.0
71.0 94.0 77.0 62.0 111.0 28.0 50.0 108.0 82.0 146.0 170.0 124.0 74.0 26.0 0.0
